# Created by Octave 2.1.50, Wed Feb 20 11:18:15 2008 CST <yschoe@cortex>
# name: output_noise
# type: scalar
0.0
