# Created by Octave 2.1.50, Fri Aug 03 08:12:29 2007 CDT <yschoe@cortex>
# name: i2h
# type: matrix
# rows: 120
# columns: 6
 0.409158826182182 0.0584684199193079 0.18439965301245 -0.323259544362728 -0.427652818252746 -0.121985723925237
 -0.215319161256258 -0.283213692297642 0.567422595331963 -0.410059199174349 0.172982615540322 0.584976146529015
 -0.392049278607075 -0.341973681142036 -0.170781360780303 -0.135801556398575 0.00825508681177683 0.516042433092888
 -0.156416106810276 -0.823050016005937 -0.38801752730221 0.479182717958983 0.0164379206398088 0.410036076168116
 -0.0534958898177784 -0.268667993051414 -0.280863114380692 -0.407576200058166 0.501745924065407 -0.411707430192683
 0.0789079606631357 0.1525906627351 0.052569592809822 0.692469343999918 0.024805757562216 0.277214875529106
 0.474590147221978 0.0570764920213778 0.217999379835609 -0.333431149711315 -0.401778532494273 -0.156373125863675
 -0.252877337922756 -0.322222518911068 0.593026937554176 -0.43084858237714 0.156893281946476 0.586572803417738
 -0.384513420154754 -0.353385851969425 -0.485085526918475 -0.11387811935455 0.0260149520361382 0.506396647999581
 -0.143106449460093 -0.836632424732153 -0.384386531551782 0.473095436106022 0.0231235886277217 0.423371779555972
 -0.0457463838061731 -0.283873474290077 -0.302502753426735 -0.353880266090338 0.494025772819813 -0.528822693833564
 0.0770392656424601 0.0255452417308051 0.0223990145423967 0.708287511179741 0.0533503556349832 0.291711472282704
 0.459153538803156 0.064994845996197 0.136954065012332 -0.298075486858789 -0.424461484616105 -0.107591343027953
 -0.248528967489902 -0.309902708334331 0.562406441579159 -0.416520985355083 0.152112392792996 0.566031594733294
 -0.279444784996514 -0.34146850445256 -0.220166532014911 -0.0390223844251078 0.0240013417327363 0.489687473336752
 -0.138911820342247 -0.632000442062918 -0.498399756540958 0.502003800282772 0.0365743093290884 0.393515412072237
 -0.0801154783269804 -0.131564522375767 -0.292644274522964 -0.378489996930067 0.510606169710453 -0.294748392709945
 0.0963546583154757 0.124105413901206 0.0282869327166635 0.578940133015211 0.0491442920365888 0.265556045407947
 0.439723228226002 0.0709503375092108 -0.0950147781422775 -0.308261509527866 -0.433285104026501 -0.112271946286265
 -0.246885702302162 -0.322222518911068 0.600029953057464 -0.386043184743677 0.171521782586868 0.590716309408243
 -0.291328360428516 -0.36054236381263 -0.417410938357417 -0.0321519659361285 0.0324460309469659 0.51070478194445
 -0.116214163219039 -0.608920770426695 -0.508731404831115 0.504121408323343 0.0187859179177839 0.395358450422581
 0.0239038208970386 -0.126660889526312 -0.277830238332454 -0.0965939379385155 0.51754643292218 -0.303621276029799
 -0.177014782716934 0.133758425312634 0.0292887279489595 0.587681857655342 0.0398481941321451 0.273012653301056
 0.653434763337072 0.0570764920213778 0.065561394892219 -0.330516459335987 -0.401778532494273 -0.406740035367612
 0.0256578105786401 -0.322222518911068 0.593026937554176 -0.43084858237714 -0.00877264260262664 0.586572803417738
 -0.384513420154754 -0.353385851969425 -0.706742242788378 0.11625768148392 0.0260149520361382 0.506396647999581
 -0.143106449460093 -0.836632424732153 -0.385522709032003 0.473095436106022 0.0231235886277217 0.593550046915706
 -0.0408635599812906 -0.477872860123817 -0.299077534963791 -0.343578081866209 0.494025772819813 -0.528822693833564
 0.0770392656424601 -0.0594455934590142 0.0230837109783251 0.767786721298988 0.0533503556349832 0.291711472282704
 0.312793672392662 0.0213897413113672 0.359974095756705 -0.323259544362728 -0.427652818252746 -0.121985723925237
 -0.215319161256258 -0.296517246951763 0.275117066214378 -0.410059199174349 0.172982615540322 0.868871828327473
 -0.392049278607075 -0.353385851969425 -0.170781360780303 -0.135801556398575 -0.0412054947292846 0.434623549292381
 -0.152526320805256 -0.823050016005937 -0.420330208381121 0.750932963947352 0.0164379206398088 0.410036076168116
 -0.287794285928313 -0.388172420961265 -0.280863114380692 -0.407576200058166 0.501745924065407 -0.411707430192683
 0.0789079606631357 0.1525906627351 0.052569592809822 0.692469343999918 0.0190716399350721 0.277214875529106
 0.409158826182182 0.0584684199193079 0.18439965301245 -0.323259544362728 -0.427652818252746 -0.121985723925237
 -0.215319161256258 -0.296517246951763 0.567422595331963 -0.410059199174349 0.172982615540322 0.584976146529015
 -0.392049278607075 -0.353385851969425 -0.407031689797942 -0.135801556398575 0.285254461439844 0.516042433092888
 -0.152526320805256 -0.823050016005937 -0.436530786593859 0.479182717958983 0.225501843998726 0.532228882173594
 -0.0534958898177784 -0.268667993051414 -0.280863114380692 -0.407576200058166 0.254870578358467 -0.411707430192683
 0.0789079606631357 0.1525906627351 0.052569592809822 0.692469343999918 -0.0801811800798815 0.288159557888802
 0.46746174492925 0.0570764920213778 0.174989335737709 -0.330516459335987 -0.401778532494273 -0.146418990445737
 -0.252877337922756 -0.322222518911068 0.334756638119515 -0.43084858237714 0.156893281946476 0.586572803417738
 -0.681056696464721 -0.353385851969425 -0.485085526918475 -0.118543816571538 0.0260149520361382 0.322541913101967
 -0.143106449460093 -0.836632424732153 -0.385522709032003 0.754921309734281 0.0231235886277217 0.423371779555972
 -0.0408635599812906 -0.283873474290077 -0.299077534963791 -0.343578081866209 0.494025772819813 -0.528822693833564
 0.0770392656424601 0.0255452417308051 0.0230837109783251 0.951847753832634 0.0533503556349832 0.291711472282704
 0.669868254969414 0.0794408880272467 -0.0950147781422775 -0.308261509527866 -0.433285104026501 -0.036644125198428
 -0.246885702302162 -0.322222518911068 0.600029953057464 -0.386043184743677 0.171521782586868 0.590716309408243
 -0.291328360428516 -0.36054236381263 -0.417410938357417 -0.0321519659361285 0.0324460309469659 0.51070478194445
 -0.116214163219039 -0.611306412955229 -0.508731404831115 0.504121408323343 0.0509042622247297 0.395358450422581
 0.0239038208970386 -0.126660889526312 -0.277830238332454 -0.0965939379385155 0.753684873590763 -0.303621276029799
 -0.177014782716934 0.133758425312634 0.0292887279489595 0.838952740440662 0.0398481941321451 0.273012653301056
 0.409158826182182 0.125209093699749 0.18439965301245 -0.323259544362728 -0.561777752926056 -0.278526201201085
 -0.215319161256258 -0.296517246951763 0.567422595331963 -0.410059199174349 0.00949739844590014 0.584976146529015
 -0.115410022725765 -0.353385851969425 -0.170781360780303 -0.135801556398575 0.0198904701793153 0.516042433092888
 -0.152526320805256 -0.823050016005937 -0.386190193732683 0.479182717958983 0.0164379206398088 0.410036076168116
 -0.0534958898177784 -0.415024694902305 -0.132305785202835 -0.407576200058166 0.501745924065407 -0.4473373940675
 0.0789079606631357 0.1525906627351 0.052569592809822 0.692469343999918 0.0190716399350721 0.277214875529106
 0.450318475077446 0.318755516121681 -0.158118466687803 -0.298075486858789 -0.559812725251023 -0.107591343027953
 -0.248528967489902 -0.309902708334331 0.8507555805245 -0.416520985355083 0.335787839899357 0.685579706887301
 -0.279444784996514 -0.34146850445256 -0.220166532014911 0.235319798598583 0.143492930802103 0.489687473336752
 -0.138911820342247 -0.632000442062918 -0.498399756540958 0.502003800282772 -0.144182116528456 0.397831594208773
 -0.0719210490486067 -0.131564522375767 -0.292644274522964 -0.367545949359838 0.510606169710453 -0.294748392709945
 0.0963546583154757 0.124105413901206 0.0282869327166635 0.849931796649988 0.0491442920365888 0.265556045407947
 0.409158826182182 -0.21684442101926 0.18439965301245 -0.323259544362728 -0.427652818252746 -0.34297471280158
 -0.215319161256258 -0.296517246951763 0.567422595331963 -0.410059199174349 0.172982615540322 0.584976146529015
 -0.59988693176717 -0.353385851969425 8.34716209728026e-05 -0.135801556398575 0.0198904701793153 0.251890406916435
