# Created by Octave 2.1.50, Thu Aug 02 19:58:52 2007 CDT <yschoe@cortex>
# name: i2h
# type: matrix
# rows: 220
# columns: 6
 0.754753665637338 0.169018032413089 0.594150097232425 0.256595155608022 -0.280479307163394 -0.109837905455268
 -1.0143624725825 0.0814871507995959 0.3452743616068 0.120277557086312 0.130094019558394 0.404592733841502
 0.202935893546903 -0.346020620752013 0.0327605578416224 -0.680784908302947 0.407813101422155 0.109425213348233
 -0.499507139090336 -0.354047618348039 0.361651774693393 0.133061623882615 -0.0886235993987683 0.424135278772676
 0.0546426221841213 -0.0483275496846799 0.0101535213106509 -1.06159247397713 0.19248673738178 -0.365158308733142
 0.154883114781344 0.0675267815702792 -0.000266767132914479 -0.358185720399841 0.164865575742089 -0.397102130640185
 -0.327604684967435 0.135957129683458 -0.630782588112986 0.324576272081697 -0.165776964861787 -0.487609474349654
 -0.341087699372209 -0.279380034793056 0.880376149427259 0.710417925968879 -0.445066031206286 0.464626455318296
 -0.173706568468249 -0.417968000981844 -0.285617059159911 -0.260149961251653 0.155306194137895 -0.288799024212993
 0.293459954869115 0.526182413261497 -0.165155519831813 -0.338483031827844 -0.327181448887921 0.352500348996484
 -0.201249700866527 -0.570416325319446 0.120745987307393 0.129003151107692 0.172598579984271 0.48834146441158
 1.06074215525027 0.175486718576514 0.315668959479892 0.253717604886853 -0.276181357789672 -0.0999624182170992
 -0.851445604849494 0.0814871507995959 0.346124506529533 -0.129365738917029 -0.128406297627724 0.39218633071717
 0.187247172009313 -0.528199811417497 0.0294359025472041 -0.684231925078555 0.614599901300036 0.109425213348233
 -0.496107339922226 -0.35577860875789 0.145687264252567 0.133061623882615 0.0884883964174625 0.413130577515924
 0.0546426221841213 0.00533647895988189 -0.273000131834186 -1.06159247397713 0.19248673738178 -0.365158308733142
 0.154883114781344 0.0675267815702792 0.144128977071607 -0.3578488340535 0.164865575742089 -0.397102130640185
 -0.602337489265836 0.136333851304018 -0.612317386854327 0.32371184081968 -0.0272507040089731 -0.472758495591468
 -0.341087699372209 -0.279380034793056 0.880376149427259 0.696325354326629 -0.434363507617152 0.464626455318296
 -0.28177552251879 -0.426827540311849 -0.278841986942924 -0.260149961251653 0.154481726002061 -0.0843509322291974
 0.542468464087808 0.471867627065742 -0.118739513743556 -0.338483031827844 -0.347823942590392 0.352500348996484
 -0.206893676601237 -0.81319850831095 0.1298049122208 0.016946686554813 0.175589109819495 0.50296827634994
 0.755029255461061 0.169018032413089 0.612185699802005 0.269074332427346 -0.280479307163394 -0.109837905455268
 -1.00928479878966 0.232429820310437 0.335655004318916 -0.127090468395389 -0.134210613135136 0.39218633071717
 0.19713264108833 -0.525987815100587 0.0337378287428256 -0.688027197190447 0.407813101422155 0.379327493321263
 -0.535384867552555 -0.153375584918893 0.360691350747013 0.134798794102037 -0.0784179460889462 0.130743336986863
 -0.0927325653916958 0.111186943065488 0.0101535213106509 -1.06159247397713 0.204444339212143 -0.139458761799968
 0.372633522909248 0.0675267815702792 -9.44852716092425e-05 -0.358185720399841 0.164865575742089 -0.397102130640185
 -0.335455630559361 0.148109901558721 -0.515387316036856 0.324576272081697 -0.165776964861787 -0.414312015462554
 -0.355195870239175 -0.279380034793056 0.950608075868451 0.693288979280853 -0.421124725852049 0.478268907752001
 -0.180234681654609 -0.417968000981844 -0.284837167549766 -0.260149961251653 0.164883310210073 -0.288799024212993
 0.294253658961618 0.46065874532994 -0.152875279772914 -0.338483031827844 -0.35476842312876 0.361476551901662
 -0.393491023860759 -0.581750546682513 0.320809540163838 0.0106943679341312 0.166429313283526 0.349140180956685
 0.754753665637338 0.169018032413089 0.612185699802005 0.256595155608022 -0.280479307163394 -0.109837905455268
 -1.00928479878966 0.232878528844678 0.326927291091644 -0.175681833613551 -0.137514375809467 0.403602219980323
 0.217462251309418 -0.530727568108476 0.0327605578416224 -0.690450587340518 0.645497558426225 0.379327493321263
 -0.522487488750256 -0.14372102006141 0.0663339317330356 0.133061623882615 -0.0740139520055417 0.130743336986863
 -0.0998946741110447 0.111186943065488 0.0101535213106509 -1.06159247397713 0.19248673738178 -0.139458761799968
 0.347584050383532 0.0675267815702792 -9.44852716092425e-05 -0.358185720399841 0.162319183062875 -0.397102130640185
 -0.327604684967435 0.251150782790148 -0.52003505407635 0.326609831761682 -0.165776964861787 -0.414312015462554
 -0.343612625438607 -0.148081307995952 0.950608075868451 0.696325354326629 -0.546611755479014 0.464626455318296
 -0.161467602465189 -0.417968000981844 -0.277111870933211 -0.157401457566655 0.160391378115976 -0.288799024212993
 0.300743013333642 0.466227962534988 -0.152875279772914 -0.11882253213588 -0.357381761956847 0.352500348996484
 -0.393491023860759 -0.570416325319446 0.320809540163838 0.0106943679341312 0.259653768401706 0.349140180956685
 0.754753665637338 0.169018032413089 0.612185699802005 0.256595155608022 -0.280479307163394 -0.109837905455268
 -1.00928479878966 0.424047012936437 0.338368078407013 -0.175681833613551 -0.134210613135136 0.39218633071717
 0.202935893546903 -0.61914966388408 0.0327605578416224 -0.684231925078555 0.645497558426225 0.379327493321263
 -0.578221533659733 -0.153375584918893 0.0663339317330356 0.133061623882615 -0.235828510511554 0.130743336986863
 -0.0998946741110447 0.111186943065488 0.0101535213106509 -1.12427577018075 0.19248673738178 -0.139458761799968
 0.359748093571627 0.172594290983045 -9.44852716092425e-05 -0.358185720399841 0.164865575742089 -0.397102130640185
 -0.327604684967435 0.251150782790148 -0.52003505407635 0.324576272081697 -0.165776964861787 -0.414312015462554
 -0.341087699372209 -0.294565575707591 0.950608075868451 0.696325354326629 -0.433449804175532 0.464626455318296
 -0.174733174133933 -0.503230490300691 -0.277111870933211 -0.153841536778844 0.0211150643342373 -0.288799024212993
 0.267159286152684 0.458376187246406 -0.152875279772914 -0.205480092007554 -0.357381761956847 0.352500348996484
 -0.393491023860759 -0.570416325319446 0.320809540163838 0.0106943679341312 0.341236284833514 0.349140180956685
 1.04951633625861 0.169018032413089 0.315668959479892 0.256595155608022 -0.566328401554263 -0.0999624182170992
 -0.851445604849494 -0.130475525248683 0.435297890838348 -0.141976783860362 -0.134210613135136 0.39218633071717
 0.191741774689519 -0.530727568108476 0.0327605578416224 -0.684231925078555 0.843732979755962 0.109425213348233
 -0.499507139090336 -0.354047618348039 0.269114583779239 0.133061623882615 0.122455176126325 0.271990752529466
 -0.164729888725913 0.00533647895988189 -0.273000131834186 -1.06159247397713 0.281435815703237 -0.365158308733142
 0.154883114781344 0.0675267815702792 0.144128977071607 -0.3578488340535 -0.0726287260538701 -0.126553789216912
 -0.602337489265836 0.136333851304018 -0.621529405999816 0.32371184081968 -0.0272507040089731 -0.507701008010543
 -0.339047378737367 -0.371342789519465 0.880376149427259 0.696325354326629 -0.289111410964168 0.464626455318296
 -0.28177552251879 -0.668247449014223 -0.277111870933211 -0.260149961251653 0.160391378115976 -0.0843509322291974
 0.545415417861306 0.471867627065742 -0.112369006264842 -0.338483031827844 -0.397904003549254 0.352500348996484
 -0.206893676601237 -0.821843916166461 0.1298049122208 0.00296690588083229 0.172598579984271 0.237194182288014
 0.754753665637338 0.169018032413089 0.612185699802005 0.256595155608022 -0.280479307163394 -0.109837905455268
 -1.04219350068632 0.232878528844678 0.472182091411316 -0.338160042155421 -0.134210613135136 0.270594679277503
 0.202935893546903 -0.530727568108476 0.0327605578416224 -0.684231925078555 0.645497558426225 0.609498439144456
 -0.585178361300266 -0.153375584918893 0.0663339317330356 0.132485091995561 -0.0740139520055417 -0.0359187599903706
